[General]
var_stator_DiaGap=3.0595189953632212e-308
var_stator_DiaYoke=2.1192669201598599e-317
var_stator_Length=6.9416933216202802e-308
var_stator_Skew=2.7813423231340017e-309
var_stator_Slots=6.9416593696875655e-308
var_stator_SlotType=4.2453177628184246e-314
var_stator_Hs0=1.0256060749440479e-304
var_stator_Hs01=2.4703282292062327e-323
var_stator_Hs1=9.02353347834988e+266
var_stator_Hs2=9.0127708713668606e+266
var_stator_Bs0=6.943781365478594e-308
var_stator_Bs1=9.0132973248740383e+266
var_stator_Bs2=6.9421856356515668e-308
var_stator_Rs=6.9424742217079805e-308
var_stator_FilletType=9.0235311843543346e+266
var_stator_HalfSlot=0
var_stator_SegAngle=0
var_stator_LenRegion=0
var_stator_InfoCore=3.0595189953632212e-308
var_rotor_DiaGap=0
var_rotor_DiaYoke=0
var_rotor_Length=0
var_rotor_Poles=0
var_rotor_PoleType=0
var_rotor_D1=0
var_rotor_O1=6.943017446413683e-308
var_rotor_O2=6.9430174469940995e-308
var_rotor_B1=6.7903865326698815e-313
var_rotor_Rib=9.0953404266653526e+266
var_rotor_HRib=5.4422030457959043e-312
var_rotor_DminMag=1.0581286583962972e-304
var_rotor_thickMag=1.0253140367928777e-304
var_rotor_WidthMag=1.0684109332971057e-304
var_rotor_LenRegion=2.901276847898397e-306
var_rotor_InfoCore=6.9430004683750968e-308
var_coil_DiaGap=6.943781362826169e-308
var_coil_DiaYoke=9.0235311874302033e+266
var_coil_Length=4.2439915829186759e-313
var_coil_Skew=9.7613132966471711e-313
var_coil_Slots=9.023531184354188e+266
var_coil_SlotType=6.9451054924382652e-308
var_coil_Hs0=8.9921135522537389e+266
var_coil_Hs1=1.4306048978539787e+267
var_coil_Hs2=9.026773547539051e+266
var_coil_Bs0=1.025585214876624e-304
var_coil_Bs1=6.9454639622557036e-308
var_coil_Bs2=1.0253140340001184e-304
var_coil_Rs=0
var_coil_FilletType=1.6126363171965377e+267
var_coil_Layers=1.9415684310175897e-307
var_coil_CoilPitch=6.9438153242983941e-308
var_coil_EndExt=2.4656887127683967e+210
var_coil_SpanExt=1.0253140340001184e-304
var_coil_SegAngle=1.0581338762050818e-304
var_coil_LenRegion=2.0026462651380408e-307
var_coil_InfoCore=1.0253140340001241e-304
var_magnet_DiaGap=1.0253939990358781e-304
var_magnet_DiaYoke=7.8515009941472854e-313
var_magnet_Length=6.3591698248186053e-307
var_magnet_Poles=6.8748263490756703e-306
var_magnet_PoleType=1.6305770676895797e+267
var_magnet_D1=9.0230047339229888e+266
var_magnet_O1=6.8750653727115107e-306
var_magnet_O2=6.9438153200598287e-308
var_magnet_B1=9.8979649053523643e-315
var_magnet_Rib=9.0286185979503165e+266
var_magnet_HRib=1.3264318732280782e-317
var_magnet_DminMag=9.0235311874297038e+266
var_magnet_thickMag=1.9415684304477281e-307
var_magnet_WidthMag=9.0240920818196913e+266
var_magnet_LenRegion=6.9456996470212026e-308
var_magnet_InfoCore=6.9438172935085461e-308
