[General]
var_stator_DiaGap=161.90000000000001
var_stator_DiaYoke=269.24000000000001
var_stator_Length=0
var_stator_Skew=0
var_stator_Slots=48
var_stator_SlotType=2
var_stator_Hs0=1.03
var_stator_Hs01=0
var_stator_Hs1=0
var_stator_Hs2=29.5
var_stator_Bs0=1.9299999999999999
var_stator_Bs1=5
var_stator_Bs2=8
var_stator_Rs=5
var_stator_FilletType=0
var_stator_HalfSlot=0
var_stator_SegAngle=0
var_stator_LenRegion=200
var_stator_InfoCore=0
var_rotor_DiaGap=160.40000000000001
var_rotor_DiaYoke=110.64
var_rotor_Length=0
var_rotor_Poles=8
var_rotor_PoleType=3
var_rotor_D1=157.44
var_rotor_O1=3
var_rotor_O2=7.2800000000000002
var_rotor_B1=4.7000000000000002
var_rotor_Rib=14
var_rotor_HRib=3
var_rotor_DminMag=4.5
var_rotor_thickMag=6.4800000000000004
var_rotor_WidthMag=32
var_rotor_LenRegion=200
var_rotor_InfoCore=0
var_coil_DiaGap=161.90000000000001
var_coil_DiaYoke=269.24000000000001
var_coil_Length=0
var_coil_Skew=0
var_coil_Slots=48
var_coil_SlotType=2
var_coil_Hs0=1.28
var_coil_Hs1=0.10000000000000001
var_coil_Hs2=29.699999999999999
var_coil_Bs0=2.1099999999999999
var_coil_Bs1=3.1400000000000001
var_coil_Bs2=5.6500000000000004
var_coil_Rs=2.5
var_coil_FilletType=0
var_coil_Layers=1
var_coil_CoilPitch=5
var_coil_EndExt=5
var_coil_SpanExt=18
var_coil_SegAngle=10
var_coil_LenRegion=200
var_coil_InfoCore=1
var_magnet_DiaGap=160.40000000000001
var_magnet_DiaYoke=110.64
var_magnet_Length=0
var_magnet_Poles=8
var_magnet_PoleType=3
var_magnet_D1=157.44
var_magnet_O1=3
var_magnet_O2=7.2800000000000002
var_magnet_B1=4.7000000000000002
var_magnet_Rib=14
var_magnet_HRib=4
var_magnet_DminMag=4.5
var_magnet_thickMag=6.4800000000000004
var_magnet_WidthMag=32
var_magnet_LenRegion=200
var_magnet_InfoCore=1
