[General]
var_stator_DiaGap=3.0595189953632212e-308
var_stator_DiaYoke=2.1171167464691588e-317
var_stator_Length=6.9416933216202802e-308
var_stator_Skew=2.7813423231340017e-309
var_stator_Slots=6.9416593696875655e-308
var_stator_SlotType=4.2453177628184246e-314
var_stator_Hs0=1.3532099571522903e-305
var_stator_Hs01=2.4703282292062327e-323
var_stator_Hs1=2.4748006124480512e+268
var_stator_Hs2=2.4713565763876569e+268
var_stator_Bs0=6.943781365478594e-308
var_stator_Bs1=2.4715250415099538e+268
var_stator_Bs2=6.9421856313913929e-308
var_stator_Rs=6.9424742217079805e-308
var_stator_FilletType=2.4747998765436138e+268
var_stator_HalfSlot=0
var_stator_SegAngle=0
var_stator_LenRegion=0
var_stator_InfoCore=3.0595189953632212e-308
var_rotor_DiaGap=0
var_rotor_DiaYoke=0
var_rotor_Length=0
var_rotor_Poles=0
var_rotor_PoleType=0
var_rotor_D1=0
var_rotor_O1=6.943017446413683e-308
var_rotor_O2=6.9430174469940995e-308
var_rotor_B1=6.7903865326698815e-313
var_rotor_Rib=2.4977788340831744e+268
var_rotor_HRib=5.4422276539013904e-312
var_rotor_DminMag=1.4033197503662575e-305
var_rotor_thickMag=1.352844908686359e-305
var_rotor_WidthMag=1.3916185562958508e-305
var_rotor_LenRegion=2.901276847898397e-306
var_rotor_InfoCore=6.9430004683750968e-308
var_coil_DiaGap=1.5826543560937215e-313
var_coil_DiaYoke=1.5821253176759969e+257
var_coil_Length=1.5826543560937215e-313
var_coil_Skew=4.2453180355426611e-314
var_coil_Slots=1.326441754540995e-317
var_coil_SlotType=1.5821379187937019e+257
var_coil_Hs0=6.9440020503884363e-308
var_coil_Hs1=6.943900194590465e-308
var_coil_Hs2=6.9498587587714936e-308
var_coil_Bs0=1.5829236986485063e-313
var_coil_Bs1=4.2453180355426611e-314
var_coil_Bs2=1.326441754540995e-317
var_coil_Rs=8.1775627057755197e+258
var_coil_FilletType=7.7367114700666223e-313
var_coil_Layers=7.3415374923907965e-314
var_coil_CoilPitch=6.9502492059970312e-308
var_coil_EndExt=5.2195417014255242e-314
var_coil_SpanExt=6.950317109862343e-308
var_coil_SegAngle=9.8813129168249309e-324
var_coil_LenRegion=2.0069343898543556e-307
var_coil_InfoCore=1.3528449059723855e-305
var_magnet_DiaGap=1.352944863176036e-305
var_magnet_DiaYoke=8.0637005732438126e-313
var_magnet_Length=1.7501248900530319e-305
var_magnet_Poles=1.348619656281699e-306
var_magnet_PoleType=4.3923864099291282e+268
var_magnet_D1=2.474631412405618e+268
var_magnet_O1=1.348649534235491e-306
var_magnet_O2=6.943815317667713e-308
var_magnet_B1=9.9225730108384117e-315
var_magnet_Rib=2.4764278488943628e+268
var_magnet_HRib=1.3264318732280782e-317
var_magnet_DminMag=2.4747998775277667e+268
var_magnet_thickMag=1.9341804899019034e-307
var_magnet_WidthMag=2.4749793637325628e+268
var_magnet_LenRegion=6.9456996470212026e-308
var_magnet_InfoCore=6.9438172984301672e-308
